11111111111111111111111111111111111
11111111111111111000011111111111111
11111111111111111000011111111111111
11111111110001166000066666611111111
11111111110001166000066666611111111
11111110010111166000066666611111111
11111110000000166000000006611111111
11111110000000166000000006611111111
11111111110011166666666006611111111
11111111100006666611112221111111111
11111111100000666611110001111111111
11111111100000066660000006611111111
11111111100000000000000006611111111
11111111110001110000000006611111111
11111111000000010000000006611111111
11111111000000010000000006611111111
11111111000000010000000066611111111
11111111000000010000066666611111111
11111111000000010006666666611111111
11111111111111111001111111111111111
11111111111111111001111111111111111
11111111111111111001111111111111111
11111111111111111111111111111111111
